4 0.4360986547085197 0.7304399723042097 0.08071748878923767 0.08172095225256698
4 0.4921524663677125 0.728445954853081 0.06950672645739915 0.08172095225256695
4 0.3363228699551569 0.7433961205536477 0.14798206278026899 0.2272047832585949
4 0.7113228699551561 0.6586975481182082 0.1670403587443945 0.2252336056487894
4 0.8413677130044843 0.6507224713502741 0.11098654708520186 0.1973094170403587
4 0.5667040358744387 0.6706576806786608 0.1558295964125559 0.193313437845468
4 0.16984304932735428 0.7244643746885899 0.07062780269058296 0.12954658694569005
4 0.46020179372197306 0.6586945690084705 0.10426008968609857 0.11758844045839567
4 0.343609865470852 0.780211462174367 0.06614349775784752 0.07374190333831583
4 0.2937219730941705 0.7941695843322654 0.03363228699551541 0.07374190333831576
